# transform file /usr/local/freesurfer/subjects/3471/mri/transforms/cc_up.lta
# created by ubuntu on Tue Jan  9 07:31:38 2018

type      = 0 # LINEAR_VOX_TO_VOX
nxforms   = 1
mean      = 129.0000 113.0000 119.0000
sigma     = 10000.0000
1 4 4
9.923869371414185e-01 -8.832107484340668e-02 8.583447337150574e-02 2.728931903839111e+00 
8.799254894256592e-02 9.960920214653015e-01 7.610735017806292e-03 3.046644783020020e+01 
-8.617123216390610e-02 0.000000000000000e+00 9.962803721427917e-01 3.523565673828125e+01 
0.000000000000000e+00 0.000000000000000e+00 0.000000000000000e+00 1.000000000000000e+00 
src volume info
valid = 1  # volume info valid
filename = /usr/local/freesurfer/subjects/3471/mri/norm.mgz
volume = 256 256 256
voxelsize = 1.000000000000000e+00 1.000000000000000e+00 1.000000000000000e+00
xras   = -9.999999403953552e-01 0.000000000000000e+00 0.000000000000000e+00
yras   = 0.000000000000000e+00 0.000000000000000e+00 -9.999999403953552e-01
zras   = 0.000000000000000e+00 9.999999403953552e-01 0.000000000000000e+00
cras   = 2.020680236816406e+02 2.912543945312500e+02 4.955317077636719e+02
dst volume info
valid = 1  # volume info valid
filename = /usr/local/freesurfer/subjects/3471/mri/norm.mgz
volume = 256 256 256
voxelsize = 1.000000000000000e+00 1.000000000000000e+00 1.000000000000000e+00
xras   = -9.999999403953552e-01 0.000000000000000e+00 0.000000000000000e+00
yras   = 0.000000000000000e+00 0.000000000000000e+00 -9.999999403953552e-01
zras   = 0.000000000000000e+00 9.999999403953552e-01 0.000000000000000e+00
cras   = 2.020680236816406e+02 2.912543945312500e+02 4.955317077636719e+02
