# transform file /usr/local/freesurfer/subjects/3131/mri/transforms/cc_up.lta
# created by ubuntu on Tue Jan  2 09:04:14 2018

type      = 0 # LINEAR_VOX_TO_VOX
nxforms   = 1
mean      = 129.0000 123.0000 117.0000
sigma     = 10000.0000
1 4 4
9.953476786613464e-01 5.026682280004025e-03 9.621716290712357e-02 -1.173767471313477e+01 
-5.003359634429216e-03 9.999873638153076e-01 -4.836592124775052e-04 2.469608688354492e+01 
-9.621837735176086e-02 0.000000000000000e+00 9.953602552413940e-01 4.993679428100586e+01 
0.000000000000000e+00 0.000000000000000e+00 0.000000000000000e+00 1.000000000000000e+00 
src volume info
valid = 1  # volume info valid
filename = /usr/local/freesurfer/subjects/3131/mri/norm.mgz
volume = 256 256 256
voxelsize = 1.000000000000000e+00 1.000000000000000e+00 1.000000000000000e+00
xras   = -1.000000000000000e+00 0.000000000000000e+00 0.000000000000000e+00
yras   = 0.000000000000000e+00 0.000000000000000e+00 -1.000000000000000e+00
zras   = 0.000000000000000e+00 1.000000000000000e+00 0.000000000000000e+00
cras   = 2.058795166015625e+02 2.765481872558594e+02 5.330120849609375e+02
dst volume info
valid = 1  # volume info valid
filename = /usr/local/freesurfer/subjects/3131/mri/norm.mgz
volume = 256 256 256
voxelsize = 1.000000000000000e+00 1.000000000000000e+00 1.000000000000000e+00
xras   = -1.000000000000000e+00 0.000000000000000e+00 0.000000000000000e+00
yras   = 0.000000000000000e+00 0.000000000000000e+00 -1.000000000000000e+00
zras   = 0.000000000000000e+00 1.000000000000000e+00 0.000000000000000e+00
cras   = 2.058795166015625e+02 2.765481872558594e+02 5.330120849609375e+02
