# transform file /usr/local/freesurfer/subjects/3270/mri/transforms/cc_up.lta
# created by ubuntu on Tue Jan  2 09:24:47 2018

type      = 0 # LINEAR_VOX_TO_VOX
nxforms   = 1
mean      = 132.0000 105.0000 113.0000
sigma     = 10000.0000
1 4 4
9.997574687004089e-01 -1.727158389985561e-02 1.366811897605658e-02 -2.368098974227905e+00 
1.726997084915638e-02 9.998508691787720e-01 2.361052902415395e-04 4.071804046630859e+01 
-1.367015764117241e-02 -1.455191696309033e-11 9.999065995216370e-01 2.980698776245117e+01 
0.000000000000000e+00 0.000000000000000e+00 0.000000000000000e+00 1.000000000000000e+00 
src volume info
valid = 1  # volume info valid
filename = /usr/local/freesurfer/subjects/3270/mri/norm.mgz
volume = 256 256 256
voxelsize = 1.000000000000000e+00 1.000000000000000e+00 1.000000000000000e+00
xras   = -1.000000000000000e+00 0.000000000000000e+00 0.000000000000000e+00
yras   = 0.000000000000000e+00 0.000000000000000e+00 -1.000000000000000e+00
zras   = 0.000000000000000e+00 1.000000000000000e+00 0.000000000000000e+00
cras   = 1.814314727783203e+02 2.983175354003906e+02 5.550288085937500e+02
dst volume info
valid = 1  # volume info valid
filename = /usr/local/freesurfer/subjects/3270/mri/norm.mgz
volume = 256 256 256
voxelsize = 1.000000000000000e+00 1.000000000000000e+00 1.000000000000000e+00
xras   = -1.000000000000000e+00 0.000000000000000e+00 0.000000000000000e+00
yras   = 0.000000000000000e+00 0.000000000000000e+00 -1.000000000000000e+00
zras   = 0.000000000000000e+00 1.000000000000000e+00 0.000000000000000e+00
cras   = 1.814314727783203e+02 2.983175354003906e+02 5.550288085937500e+02
