# transform file transforms/talairach_with_skull.lta
# created by ubuntu on Tue Jan  2 00:08:08 2018

type      = 0 # LINEAR_VOX_TO_VOX
nxforms   = 1
mean      = 133.0000 135.0000 130.0000
sigma     = 10000.0000
1 4 4
1.101534485816956e+00 1.178223490715027e-01 2.778732776641846e-02 -3.338839721679688e+01 
-1.215250939130783e-01 1.082326412200928e+00 3.731298446655273e-01 -1.283932590484619e+01 
2.211031131446362e-02 -2.730996906757355e-01 1.001905202865601e+00 2.427014350891113e+01 
0.000000000000000e+00 0.000000000000000e+00 0.000000000000000e+00 1.000000000000000e+00 
src volume info
valid = 1  # volume info valid
filename = nu.mgz
volume = 256 256 256
voxelsize = 1.000000000000000e+00 1.000000000000000e+00 1.000000000000000e+00
xras   = -1.000000000000000e+00 0.000000000000000e+00 0.000000000000000e+00
yras   = 0.000000000000000e+00 0.000000000000000e+00 -1.000000000000000e+00
zras   = 0.000000000000000e+00 1.000000000000000e+00 0.000000000000000e+00
cras   = 1.814314727783203e+02 2.983175354003906e+02 5.550288085937500e+02
dst volume info
valid = 1  # volume info valid
filename = /usr/local/freesurfer/average/RB_all_withskull_2016-05-10.vc700.gca
volume = 256 256 256
voxelsize = 1.000000000000000e+00 1.000000000000000e+00 1.000000000000000e+00
xras   = -1.000000000000000e+00 0.000000000000000e+00 0.000000000000000e+00
yras   = 0.000000000000000e+00 0.000000000000000e+00 -1.000000000000000e+00
zras   = 0.000000000000000e+00 1.000000000000000e+00 0.000000000000000e+00
cras   = 0.000000000000000e+00 0.000000000000000e+00 0.000000000000000e+00
