# transform file /usr/local/freesurfer/subjects/3753/mri/transforms/cc_up.lta
# created by ubuntu on Sun Jan 14 10:19:21 2018

type      = 0 # LINEAR_VOX_TO_VOX
nxforms   = 1
mean      = 130.0000 123.0000 122.0000
sigma     = 10000.0000
1 4 4
9.998594522476196e-01 -1.577362790703773e-02 5.683755036443472e-03 -2.724751830101013e-01 
1.577337272465229e-02 9.998756051063538e-01 8.966459427028894e-05 2.396373367309570e+01 
-5.684462375938892e-03 -7.275957614183426e-12 9.999838471412659e-01 1.573657798767090e+01 
0.000000000000000e+00 0.000000000000000e+00 0.000000000000000e+00 1.000000000000000e+00 
src volume info
valid = 1  # volume info valid
filename = /usr/local/freesurfer/subjects/3753/mri/norm.mgz
volume = 256 256 256
voxelsize = 1.000000000000000e+00 1.000000000000000e+00 1.000000000000000e+00
xras   = -1.000000000000000e+00 0.000000000000000e+00 0.000000000000000e+00
yras   = 0.000000000000000e+00 0.000000000000000e+00 -1.000000000000000e+00
zras   = 0.000000000000000e+00 1.000000000000000e+00 0.000000000000000e+00
cras   = 2.193208312988281e+02 2.751318359375000e+02 5.113381347656250e+02
dst volume info
valid = 1  # volume info valid
filename = /usr/local/freesurfer/subjects/3753/mri/norm.mgz
volume = 256 256 256
voxelsize = 1.000000000000000e+00 1.000000000000000e+00 1.000000000000000e+00
xras   = -1.000000000000000e+00 0.000000000000000e+00 0.000000000000000e+00
yras   = 0.000000000000000e+00 0.000000000000000e+00 -1.000000000000000e+00
zras   = 0.000000000000000e+00 1.000000000000000e+00 0.000000000000000e+00
cras   = 2.193208312988281e+02 2.751318359375000e+02 5.113381347656250e+02
