# transform file /usr/local/freesurfer/subjects/3479/mri/transforms/cc_up.lta
# created by ubuntu on Tue Jan  9 08:00:20 2018

type      = 0 # LINEAR_VOX_TO_VOX
nxforms   = 1
mean      = 128.0000 113.0000 114.0000
sigma     = 10000.0000
1 4 4
9.996980428695679e-01 -7.203294662758708e-04 2.455923520028591e-02 -2.259670019149780e+00 
7.201121770776808e-04 9.999997019767761e-01 1.769074515323155e-05 3.590615081787109e+01 
-2.455924265086651e-02 1.818989186705422e-12 9.996983408927917e-01 2.917089653015137e+01 
0.000000000000000e+00 0.000000000000000e+00 0.000000000000000e+00 1.000000000000000e+00 
src volume info
valid = 1  # volume info valid
filename = /usr/local/freesurfer/subjects/3479/mri/norm.mgz
volume = 256 256 256
voxelsize = 1.000000000000000e+00 1.000000000000000e+00 1.000000000000000e+00
xras   = -9.999999403953552e-01 0.000000000000000e+00 0.000000000000000e+00
yras   = 0.000000000000000e+00 0.000000000000000e+00 -9.999999403953552e-01
zras   = 0.000000000000000e+00 9.999999403953552e-01 0.000000000000000e+00
cras   = 2.337485046386719e+02 2.962425537109375e+02 5.078025207519531e+02
dst volume info
valid = 1  # volume info valid
filename = /usr/local/freesurfer/subjects/3479/mri/norm.mgz
volume = 256 256 256
voxelsize = 1.000000000000000e+00 1.000000000000000e+00 1.000000000000000e+00
xras   = -9.999999403953552e-01 0.000000000000000e+00 0.000000000000000e+00
yras   = 0.000000000000000e+00 0.000000000000000e+00 -9.999999403953552e-01
zras   = 0.000000000000000e+00 9.999999403953552e-01 0.000000000000000e+00
cras   = 2.337485046386719e+02 2.962425537109375e+02 5.078025207519531e+02
