# transform file /usr/local/freesurfer/subjects/3132/mri/transforms/cc_up.lta
# created by ubuntu on Sun Dec 31 16:32:38 2017

type      = 0 # LINEAR_VOX_TO_VOX
nxforms   = 1
mean      = 129.0000 129.0000 105.0000
sigma     = 10000.0000
1 4 4
9.960446357727051e-01 -4.665917530655861e-02 -7.561812549829483e-02 1.291114425659180e+01 
4.652529209852219e-02 9.989108443260193e-01 -3.532126545906067e-03 1.250425720214844e+01 
7.570057362318039e-02 0.000000000000000e+00 9.971306324005127e-01 3.562418365478516e+01 
0.000000000000000e+00 0.000000000000000e+00 0.000000000000000e+00 1.000000000000000e+00 
src volume info
valid = 1  # volume info valid
filename = /usr/local/freesurfer/subjects/3132/mri/norm.mgz
volume = 256 256 256
voxelsize = 1.000000000000000e+00 1.000000000000000e+00 1.000000000000000e+00
xras   = -1.000000000000000e+00 0.000000000000000e+00 0.000000000000000e+00
yras   = 0.000000000000000e+00 0.000000000000000e+00 -1.000000000000000e+00
zras   = 0.000000000000000e+00 1.000000000000000e+00 0.000000000000000e+00
cras   = 2.038554077148438e+02 2.738493957519531e+02 5.269397583007812e+02
dst volume info
valid = 1  # volume info valid
filename = /usr/local/freesurfer/subjects/3132/mri/norm.mgz
volume = 256 256 256
voxelsize = 1.000000000000000e+00 1.000000000000000e+00 1.000000000000000e+00
xras   = -1.000000000000000e+00 0.000000000000000e+00 0.000000000000000e+00
yras   = 0.000000000000000e+00 0.000000000000000e+00 -1.000000000000000e+00
zras   = 0.000000000000000e+00 1.000000000000000e+00 0.000000000000000e+00
cras   = 2.038554077148438e+02 2.738493957519531e+02 5.269397583007812e+02
