# transform file /usr/local/freesurfer/subjects/3470/mri/transforms/cc_up.lta
# created by ubuntu on Tue Jan  9 07:24:58 2018

type      = 0 # LINEAR_VOX_TO_VOX
nxforms   = 1
mean      = 132.0000 122.0000 110.0000
sigma     = 10000.0000
1 4 4
9.955059289932251e-01 5.549478903412819e-02 -7.673613727092743e-02 -1.064685463905334e+00 
-5.533065274357796e-02 9.984590411186218e-01 4.265027586370707e-03 3.501913070678711e+01 
7.685457915067673e-02 4.656613428188905e-10 9.970423579216003e-01 2.518856048583984e+01 
0.000000000000000e+00 0.000000000000000e+00 0.000000000000000e+00 1.000000000000000e+00 
src volume info
valid = 1  # volume info valid
filename = /usr/local/freesurfer/subjects/3470/mri/norm.mgz
volume = 256 256 256
voxelsize = 1.000000000000000e+00 1.000000000000000e+00 1.000000000000000e+00
xras   = -9.999999403953552e-01 0.000000000000000e+00 0.000000000000000e+00
yras   = 0.000000000000000e+00 0.000000000000000e+00 -9.999999403953552e-01
zras   = 0.000000000000000e+00 9.999999403953552e-01 0.000000000000000e+00
cras   = 1.922351989746094e+02 2.950001831054688e+02 5.095786132812500e+02
dst volume info
valid = 1  # volume info valid
filename = /usr/local/freesurfer/subjects/3470/mri/norm.mgz
volume = 256 256 256
voxelsize = 1.000000000000000e+00 1.000000000000000e+00 1.000000000000000e+00
xras   = -9.999999403953552e-01 0.000000000000000e+00 0.000000000000000e+00
yras   = 0.000000000000000e+00 0.000000000000000e+00 -9.999999403953552e-01
zras   = 0.000000000000000e+00 9.999999403953552e-01 0.000000000000000e+00
cras   = 1.922351989746094e+02 2.950001831054688e+02 5.095786132812500e+02
