# transform file /usr/local/freesurfer/subjects/3359/mri/transforms/cc_up.lta
# created by ubuntu on Wed Jan  3 04:26:06 2018

type      = 0 # LINEAR_VOX_TO_VOX
nxforms   = 1
mean      = 128.0000 140.0000 126.0000
sigma     = 10000.0000
1 4 4
9.998478889465332e-01 5.343026947230101e-03 -1.659818179905415e-02 7.096939682960510e-01 
-5.342290736734867e-03 9.999856352806091e-01 8.868580334819853e-05 5.678371906280518e+00 
1.659841835498810e-02 0.000000000000000e+00 9.998621940612793e-01 2.288358306884766e+01 
0.000000000000000e+00 0.000000000000000e+00 0.000000000000000e+00 1.000000000000000e+00 
src volume info
valid = 1  # volume info valid
filename = /usr/local/freesurfer/subjects/3359/mri/norm.mgz
volume = 256 256 256
voxelsize = 1.000000000000000e+00 1.000000000000000e+00 1.000000000000000e+00
xras   = -1.000000000000000e+00 0.000000000000000e+00 0.000000000000000e+00
yras   = 0.000000000000000e+00 0.000000000000000e+00 -1.000000000000000e+00
zras   = 0.000000000000000e+00 1.000000000000000e+00 0.000000000000000e+00
cras   = 2.073134765625000e+02 2.924099121093750e+02 5.227289428710938e+02
dst volume info
valid = 1  # volume info valid
filename = /usr/local/freesurfer/subjects/3359/mri/norm.mgz
volume = 256 256 256
voxelsize = 1.000000000000000e+00 1.000000000000000e+00 1.000000000000000e+00
xras   = -1.000000000000000e+00 0.000000000000000e+00 0.000000000000000e+00
yras   = 0.000000000000000e+00 0.000000000000000e+00 -1.000000000000000e+00
zras   = 0.000000000000000e+00 1.000000000000000e+00 0.000000000000000e+00
cras   = 2.073134765625000e+02 2.924099121093750e+02 5.227289428710938e+02
