# transform file /usr/local/freesurfer/subjects/3357/mri/transforms/cc_up.lta
# created by ubuntu on Wed Jan  3 03:31:32 2018

type      = 0 # LINEAR_VOX_TO_VOX
nxforms   = 1
mean      = 132.0000 147.0000 115.0000
sigma     = 10000.0000
1 4 4
9.948699474334717e-01 5.571283027529716e-02 8.443935215473175e-02 -1.831292915344238e+01 
-5.551324039697647e-02 9.984468817710876e-01 -4.711673129349947e-03 9.968181610107422e+00 
-8.457069844007492e-02 0.000000000000000e+00 9.964175820350647e-01 3.446335220336914e+01 
0.000000000000000e+00 0.000000000000000e+00 0.000000000000000e+00 1.000000000000000e+00 
src volume info
valid = 1  # volume info valid
filename = /usr/local/freesurfer/subjects/3357/mri/norm.mgz
volume = 256 256 256
voxelsize = 1.000000000000000e+00 1.000000000000000e+00 1.000000000000000e+00
xras   = -1.000000000000000e+00 0.000000000000000e+00 0.000000000000000e+00
yras   = 0.000000000000000e+00 0.000000000000000e+00 -1.000000000000000e+00
zras   = 0.000000000000000e+00 1.000000000000000e+00 0.000000000000000e+00
cras   = 2.275254211425781e+02 2.711440734863281e+02 5.189152832031250e+02
dst volume info
valid = 1  # volume info valid
filename = /usr/local/freesurfer/subjects/3357/mri/norm.mgz
volume = 256 256 256
voxelsize = 1.000000000000000e+00 1.000000000000000e+00 1.000000000000000e+00
xras   = -1.000000000000000e+00 0.000000000000000e+00 0.000000000000000e+00
yras   = 0.000000000000000e+00 0.000000000000000e+00 -1.000000000000000e+00
zras   = 0.000000000000000e+00 1.000000000000000e+00 0.000000000000000e+00
cras   = 2.275254211425781e+02 2.711440734863281e+02 5.189152832031250e+02
