# transform file /usr/local/freesurfer/subjects/3757/mri/transforms/cc_up.lta
# created by ubuntu on Sun Jan 14 10:00:47 2018

type      = 0 # LINEAR_VOX_TO_VOX
nxforms   = 1
mean      = 128.0000 109.0000 117.0000
sigma     = 10000.0000
1 4 4
9.997209310531616e-01 -2.141231298446655e-02 9.995782747864723e-03 3.229934930801392e+00 
2.141124382615089e-02 9.997708797454834e-01 2.140818833140656e-04 2.328296279907227e+01 
-9.998074732720852e-03 0.000000000000000e+00 9.999501705169678e-01 3.027470397949219e+01 
0.000000000000000e+00 0.000000000000000e+00 0.000000000000000e+00 1.000000000000000e+00 
src volume info
valid = 1  # volume info valid
filename = /usr/local/freesurfer/subjects/3757/mri/norm.mgz
volume = 256 256 256
voxelsize = 1.000000000000000e+00 1.000000000000000e+00 1.000000000000000e+00
xras   = -1.000000000000000e+00 0.000000000000000e+00 0.000000000000000e+00
yras   = 0.000000000000000e+00 0.000000000000000e+00 -1.000000000000000e+00
zras   = 0.000000000000000e+00 1.000000000000000e+00 0.000000000000000e+00
cras   = 2.466927490234375e+02 2.769755554199219e+02 4.994482421875000e+02
dst volume info
valid = 1  # volume info valid
filename = /usr/local/freesurfer/subjects/3757/mri/norm.mgz
volume = 256 256 256
voxelsize = 1.000000000000000e+00 1.000000000000000e+00 1.000000000000000e+00
xras   = -1.000000000000000e+00 0.000000000000000e+00 0.000000000000000e+00
yras   = 0.000000000000000e+00 0.000000000000000e+00 -1.000000000000000e+00
zras   = 0.000000000000000e+00 1.000000000000000e+00 0.000000000000000e+00
cras   = 2.466927490234375e+02 2.769755554199219e+02 4.994482421875000e+02
