# transform file /usr/local/freesurfer/subjects/3367/mri/transforms/cc_up.lta
# created by ubuntu on Fri Jan  5 10:08:04 2018

type      = 0 # LINEAR_VOX_TO_VOX
nxforms   = 1
mean      = 130.0000 139.0000 125.0000
sigma     = 10000.0000
1 4 4
9.999697804450989e-01 -3.983888775110245e-03 -6.679691839963198e-03 2.207454681396484e+00 
3.983799833804369e-03 9.999921321868896e-01 -2.661136022652499e-05 1.149394702911377e+01 
6.679744925349951e-03 1.818989403545856e-12 9.999777078628540e-01 1.614747238159180e+01 
0.000000000000000e+00 0.000000000000000e+00 0.000000000000000e+00 1.000000000000000e+00 
src volume info
valid = 1  # volume info valid
filename = /usr/local/freesurfer/subjects/3367/mri/norm.mgz
volume = 256 256 256
voxelsize = 1.000000000000000e+00 1.000000000000000e+00 1.000000000000000e+00
xras   = -1.000000000000000e+00 0.000000000000000e+00 0.000000000000000e+00
yras   = 0.000000000000000e+00 0.000000000000000e+00 -1.000000000000000e+00
zras   = 0.000000000000000e+00 1.000000000000000e+00 0.000000000000000e+00
cras   = 2.078253784179688e+02 3.120794677734375e+02 5.110386352539062e+02
dst volume info
valid = 1  # volume info valid
filename = /usr/local/freesurfer/subjects/3367/mri/norm.mgz
volume = 256 256 256
voxelsize = 1.000000000000000e+00 1.000000000000000e+00 1.000000000000000e+00
xras   = -1.000000000000000e+00 0.000000000000000e+00 0.000000000000000e+00
yras   = 0.000000000000000e+00 0.000000000000000e+00 -1.000000000000000e+00
zras   = 0.000000000000000e+00 1.000000000000000e+00 0.000000000000000e+00
cras   = 2.078253784179688e+02 3.120794677734375e+02 5.110386352539062e+02
