# transform file /usr/local/freesurfer/subjects/3268/mri/transforms/cc_up.lta
# created by ubuntu on Tue Jan  2 09:35:52 2018

type      = 0 # LINEAR_VOX_TO_VOX
nxforms   = 1
mean      = 136.0000 101.0000 107.0000
sigma     = 10000.0000
1 4 4
9.986645579338074e-01 1.191911846399307e-02 5.026968196034431e-02 -6.257272243499756e+00 
-1.190404687076807e-02 9.999289512634277e-01 -5.992128862999380e-04 5.060665130615234e+01 
-5.027325078845024e-02 0.000000000000000e+00 9.987354874610901e-01 4.164377212524414e+01 
0.000000000000000e+00 0.000000000000000e+00 0.000000000000000e+00 1.000000000000000e+00 
src volume info
valid = 1  # volume info valid
filename = /usr/local/freesurfer/subjects/3268/mri/norm.mgz
volume = 256 256 256
voxelsize = 1.000000000000000e+00 1.000000000000000e+00 1.000000000000000e+00
xras   = -1.000000000000000e+00 0.000000000000000e+00 0.000000000000000e+00
yras   = 0.000000000000000e+00 0.000000000000000e+00 -1.000000000000000e+00
zras   = 0.000000000000000e+00 1.000000000000000e+00 0.000000000000000e+00
cras   = 1.746020507812500e+02 2.931955261230469e+02 5.584437866210938e+02
dst volume info
valid = 1  # volume info valid
filename = /usr/local/freesurfer/subjects/3268/mri/norm.mgz
volume = 256 256 256
voxelsize = 1.000000000000000e+00 1.000000000000000e+00 1.000000000000000e+00
xras   = -1.000000000000000e+00 0.000000000000000e+00 0.000000000000000e+00
yras   = 0.000000000000000e+00 0.000000000000000e+00 -1.000000000000000e+00
zras   = 0.000000000000000e+00 1.000000000000000e+00 0.000000000000000e+00
cras   = 1.746020507812500e+02 2.931955261230469e+02 5.584437866210938e+02
