# transform file transforms/talairach.lta
# created by ubuntu on Tue Jan  2 00:49:16 2018

type      = 0 # LINEAR_VOX_TO_VOX
nxforms   = 1
mean      = 136.0000 101.0000 107.0000
sigma     = 10000.0000
1 4 4
1.001507759094238e+00 1.263187266886234e-03 3.959874063730240e-02 -6.359066009521484e+00 
-3.847772255539894e-02 8.480718135833740e-01 3.423396050930023e-01 8.134262084960938e+00 
-5.705362930893898e-02 -3.473983108997345e-01 8.646933436393738e-01 6.355887603759766e+01 
0.000000000000000e+00 0.000000000000000e+00 0.000000000000000e+00 1.000000000000000e+00 
src volume info
valid = 1  # volume info valid
filename = nu.mgz
volume = 256 256 256
voxelsize = 1.000000000000000e+00 1.000000000000000e+00 1.000000000000000e+00
xras   = -1.000000000000000e+00 0.000000000000000e+00 0.000000000000000e+00
yras   = 0.000000000000000e+00 0.000000000000000e+00 -1.000000000000000e+00
zras   = 0.000000000000000e+00 1.000000000000000e+00 0.000000000000000e+00
cras   = 1.746020507812500e+02 2.931955261230469e+02 5.584437866210938e+02
dst volume info
valid = 1  # volume info valid
filename = /usr/local/freesurfer/average/RB_all_2016-05-10.vc700.gca
volume = 256 256 256
voxelsize = 1.000000000000000e+00 1.000000000000000e+00 1.000000000000000e+00
xras   = -1.000000000000000e+00 0.000000000000000e+00 0.000000000000000e+00
yras   = 0.000000000000000e+00 0.000000000000000e+00 -1.000000000000000e+00
zras   = 0.000000000000000e+00 1.000000000000000e+00 0.000000000000000e+00
cras   = 0.000000000000000e+00 0.000000000000000e+00 0.000000000000000e+00
