# transform file /usr/local/freesurfer/subjects/3129/mri/transforms/cc_up.lta
# created by ubuntu on Sun Dec 31 16:20:54 2017

type      = 0 # LINEAR_VOX_TO_VOX
nxforms   = 1
mean      = 129.0000 128.0000 109.0000
sigma     = 10000.0000
1 4 4
9.982761144638062e-01 5.692859366536140e-02 1.427632663398981e-02 -9.836340904235840e+00 
-5.692277103662491e-02 9.983782172203064e-01 -8.140514255501330e-04 2.067277908325195e+01 
-1.429951656609774e-02 5.820765397457350e-11 9.998977184295654e-01 4.987243270874023e+01 
0.000000000000000e+00 0.000000000000000e+00 0.000000000000000e+00 1.000000000000000e+00 
src volume info
valid = 1  # volume info valid
filename = /usr/local/freesurfer/subjects/3129/mri/norm.mgz
volume = 256 256 256
voxelsize = 1.000000000000000e+00 1.000000000000000e+00 1.000000000000000e+00
xras   = -1.000000000000000e+00 0.000000000000000e+00 0.000000000000000e+00
yras   = 0.000000000000000e+00 0.000000000000000e+00 -1.000000000000000e+00
zras   = 0.000000000000000e+00 1.000000000000000e+00 0.000000000000000e+00
cras   = 1.944096374511719e+02 2.792470092773438e+02 5.343614501953125e+02
dst volume info
valid = 1  # volume info valid
filename = /usr/local/freesurfer/subjects/3129/mri/norm.mgz
volume = 256 256 256
voxelsize = 1.000000000000000e+00 1.000000000000000e+00 1.000000000000000e+00
xras   = -1.000000000000000e+00 0.000000000000000e+00 0.000000000000000e+00
yras   = 0.000000000000000e+00 0.000000000000000e+00 -1.000000000000000e+00
zras   = 0.000000000000000e+00 1.000000000000000e+00 0.000000000000000e+00
cras   = 1.944096374511719e+02 2.792470092773438e+02 5.343614501953125e+02
