# transform file /usr/local/freesurfer/subjects/3478/mri/transforms/cc_up.lta
# created by ubuntu on Tue Jan  9 07:48:19 2018

type      = 0 # LINEAR_VOX_TO_VOX
nxforms   = 1
mean      = 130.0000 106.0000 118.0000
sigma     = 10000.0000
1 4 4
9.958944320678711e-01 -9.027513861656189e-02 -6.701523438096046e-03 1.142317676544189e+01 
9.027308970689774e-02 9.959170222282410e-01 -6.074612028896809e-04 2.496503448486328e+01 
6.728998851031065e-03 0.000000000000000e+00 9.999774098396301e-01 3.814743804931641e+01 
0.000000000000000e+00 0.000000000000000e+00 0.000000000000000e+00 1.000000000000000e+00 
src volume info
valid = 1  # volume info valid
filename = /usr/local/freesurfer/subjects/3478/mri/norm.mgz
volume = 256 256 256
voxelsize = 1.000000000000000e+00 1.000000000000000e+00 1.000000000000000e+00
xras   = -9.999999403953552e-01 0.000000000000000e+00 0.000000000000000e+00
yras   = 0.000000000000000e+00 0.000000000000000e+00 -9.999999403953552e-01
zras   = 0.000000000000000e+00 9.999999403953552e-01 0.000000000000000e+00
cras   = 2.132608947753906e+02 2.971506347656250e+02 5.037876586914062e+02
dst volume info
valid = 1  # volume info valid
filename = /usr/local/freesurfer/subjects/3478/mri/norm.mgz
volume = 256 256 256
voxelsize = 1.000000000000000e+00 1.000000000000000e+00 1.000000000000000e+00
xras   = -9.999999403953552e-01 0.000000000000000e+00 0.000000000000000e+00
yras   = 0.000000000000000e+00 0.000000000000000e+00 -9.999999403953552e-01
zras   = 0.000000000000000e+00 9.999999403953552e-01 0.000000000000000e+00
cras   = 2.132608947753906e+02 2.971506347656250e+02 5.037876586914062e+02
