# transform file /usr/local/freesurfer/subjects/4090/mri/transforms/cc_up.lta
# created by ubuntu on Wed Jan 17 06:47:32 2018

type      = 0 # LINEAR_VOX_TO_VOX
nxforms   = 1
mean      = 127.0000 103.0000 119.0000
sigma     = 10000.0000
1 4 4
9.985140562057495e-01 5.291069671511650e-02 1.304434239864349e-02 -5.318797111511230e+00 
-5.290617793798447e-02 9.985992908477783e-01 -6.911532836966217e-04 5.795588302612305e+01 
-1.306263916194439e-02 -5.820766091346741e-11 9.999146461486816e-01 1.968141365051270e+01 
0.000000000000000e+00 0.000000000000000e+00 0.000000000000000e+00 1.000000000000000e+00 
src volume info
valid = 1  # volume info valid
filename = /usr/local/freesurfer/subjects/4090/mri/norm.mgz
volume = 256 256 256
voxelsize = 1.000000000000000e+00 1.000000000000000e+00 1.000000000000000e+00
xras   = -1.000000000000000e+00 0.000000000000000e+00 0.000000000000000e+00
yras   = 0.000000000000000e+00 0.000000000000000e+00 -1.000000000000000e+00
zras   = 0.000000000000000e+00 1.000000000000000e+00 0.000000000000000e+00
cras   = 2.136796875000000e+02 2.912178344726562e+02 4.924664306640625e+02
dst volume info
valid = 1  # volume info valid
filename = /usr/local/freesurfer/subjects/4090/mri/norm.mgz
volume = 256 256 256
voxelsize = 1.000000000000000e+00 1.000000000000000e+00 1.000000000000000e+00
xras   = -1.000000000000000e+00 0.000000000000000e+00 0.000000000000000e+00
yras   = 0.000000000000000e+00 0.000000000000000e+00 -1.000000000000000e+00
zras   = 0.000000000000000e+00 1.000000000000000e+00 0.000000000000000e+00
cras   = 2.136796875000000e+02 2.912178344726562e+02 4.924664306640625e+02
