# transform file /usr/local/freesurfer/subjects/3759/mri/transforms/cc_up.lta
# created by ubuntu on Sun Jan 14 09:37:37 2018

type      = 0 # LINEAR_VOX_TO_VOX
nxforms   = 1
mean      = 129.0000 131.0000 128.0000
sigma     = 10000.0000
1 4 4
9.992560744285583e-01 9.700253605842590e-03 -3.732666000723839e-02 2.769433975219727e+00 
-9.693493135273457e-03 9.999529719352722e-01 3.620951029006392e-04 1.920965194702148e+01 
3.732841834425926e-02 0.000000000000000e+00 9.993031620979309e-01 -3.726858615875244e+00 
0.000000000000000e+00 0.000000000000000e+00 0.000000000000000e+00 1.000000000000000e+00 
src volume info
valid = 1  # volume info valid
filename = /usr/local/freesurfer/subjects/3759/mri/norm.mgz
volume = 256 256 256
voxelsize = 1.000000000000000e+00 1.000000000000000e+00 1.000000000000000e+00
xras   = -1.000000000000000e+00 0.000000000000000e+00 0.000000000000000e+00
yras   = 0.000000000000000e+00 0.000000000000000e+00 -1.000000000000000e+00
zras   = 0.000000000000000e+00 1.000000000000000e+00 0.000000000000000e+00
cras   = 2.284473266601562e+02 2.844619140625000e+02 4.999932250976562e+02
dst volume info
valid = 1  # volume info valid
filename = /usr/local/freesurfer/subjects/3759/mri/norm.mgz
volume = 256 256 256
voxelsize = 1.000000000000000e+00 1.000000000000000e+00 1.000000000000000e+00
xras   = -1.000000000000000e+00 0.000000000000000e+00 0.000000000000000e+00
yras   = 0.000000000000000e+00 0.000000000000000e+00 -1.000000000000000e+00
zras   = 0.000000000000000e+00 1.000000000000000e+00 0.000000000000000e+00
cras   = 2.284473266601562e+02 2.844619140625000e+02 4.999932250976562e+02
