# transform file /usr/local/freesurfer/subjects/3365/mri/transforms/cc_up.lta
# created by ubuntu on Fri Jan  5 10:11:29 2018

type      = 0 # LINEAR_VOX_TO_VOX
nxforms   = 1
mean      = 128.0000 136.0000 123.0000
sigma     = 10000.0000
1 4 4
9.984250664710999e-01 -2.896682731807232e-02 -4.804463684558868e-02 8.924365043640137e+00 
2.893334813416004e-02 9.995803833007812e-01 -1.392284873872995e-03 2.498091936111450e+00 
4.806480556726456e-02 -1.164153218269348e-10 9.988442063331604e-01 1.397252559661865e+01 
0.000000000000000e+00 0.000000000000000e+00 0.000000000000000e+00 1.000000000000000e+00 
src volume info
valid = 1  # volume info valid
filename = /usr/local/freesurfer/subjects/3365/mri/norm.mgz
volume = 256 256 256
voxelsize = 1.000000000000000e+00 1.000000000000000e+00 1.000000000000000e+00
xras   = -1.000000000000000e+00 0.000000000000000e+00 0.000000000000000e+00
yras   = 0.000000000000000e+00 0.000000000000000e+00 -1.000000000000000e+00
zras   = 0.000000000000000e+00 1.000000000000000e+00 0.000000000000000e+00
cras   = 2.149357299804688e+02 3.038228149414062e+02 5.071356811523438e+02
dst volume info
valid = 1  # volume info valid
filename = /usr/local/freesurfer/subjects/3365/mri/norm.mgz
volume = 256 256 256
voxelsize = 1.000000000000000e+00 1.000000000000000e+00 1.000000000000000e+00
xras   = -1.000000000000000e+00 0.000000000000000e+00 0.000000000000000e+00
yras   = 0.000000000000000e+00 0.000000000000000e+00 -1.000000000000000e+00
zras   = 0.000000000000000e+00 1.000000000000000e+00 0.000000000000000e+00
cras   = 2.149357299804688e+02 3.038228149414062e+02 5.071356811523438e+02
