# transform file /usr/local/freesurfer/subjects/3150/mri/transforms/cc_up.lta
# created by ubuntu on Sun Dec 31 16:24:48 2017

type      = 0 # LINEAR_VOX_TO_VOX
nxforms   = 1
mean      = 133.0000 116.0000 119.0000
sigma     = 10000.0000
1 4 4
9.997736811637878e-01 1.150727458298206e-02 1.789328269660473e-02 -6.091640472412109e+00 
-1.150543242692947e-02 9.999338388442993e-01 -2.059165562968701e-04 3.554842376708984e+01 
-1.789446733891964e-02 -1.455191522836685e-11 9.998398423194885e-01 1.638032150268555e+01 
0.000000000000000e+00 0.000000000000000e+00 0.000000000000000e+00 1.000000000000000e+00 
src volume info
valid = 1  # volume info valid
filename = /usr/local/freesurfer/subjects/3150/mri/norm.mgz
volume = 256 256 256
voxelsize = 1.000000000000000e+00 1.000000000000000e+00 1.000000000000000e+00
xras   = -1.000000000000000e+00 0.000000000000000e+00 0.000000000000000e+00
yras   = 0.000000000000000e+00 0.000000000000000e+00 -1.000000000000000e+00
zras   = 0.000000000000000e+00 1.000000000000000e+00 0.000000000000000e+00
cras   = 1.919280395507812e+02 2.922668457031250e+02 5.254877929687500e+02
dst volume info
valid = 1  # volume info valid
filename = /usr/local/freesurfer/subjects/3150/mri/norm.mgz
volume = 256 256 256
voxelsize = 1.000000000000000e+00 1.000000000000000e+00 1.000000000000000e+00
xras   = -1.000000000000000e+00 0.000000000000000e+00 0.000000000000000e+00
yras   = 0.000000000000000e+00 0.000000000000000e+00 -1.000000000000000e+00
zras   = 0.000000000000000e+00 1.000000000000000e+00 0.000000000000000e+00
cras   = 1.919280395507812e+02 2.922668457031250e+02 5.254877929687500e+02
