# transform file transforms/talairach.lta
# created by ubuntu on Sun Dec 31 09:06:56 2017

type      = 0 # LINEAR_VOX_TO_VOX
nxforms   = 1
mean      = 133.0000 116.0000 119.0000
sigma     = 10000.0000
1 4 4
1.072138428688049e+00 -1.788115315139294e-02 2.020647935569286e-02 -1.533344936370850e+01 
1.546436455100775e-02 1.217980980873108e+00 3.364088758826256e-02 -1.973730850219727e+01 
-1.362789515405893e-02 -4.043414071202278e-02 1.035079956054688e+00 -6.201538085937500e+00 
0.000000000000000e+00 0.000000000000000e+00 0.000000000000000e+00 1.000000000000000e+00 
src volume info
valid = 1  # volume info valid
filename = nu.mgz
volume = 256 256 256
voxelsize = 1.000000000000000e+00 1.000000000000000e+00 1.000000000000000e+00
xras   = -1.000000000000000e+00 0.000000000000000e+00 0.000000000000000e+00
yras   = 0.000000000000000e+00 0.000000000000000e+00 -1.000000000000000e+00
zras   = 0.000000000000000e+00 1.000000000000000e+00 0.000000000000000e+00
cras   = 1.919280395507812e+02 2.922668457031250e+02 5.254877929687500e+02
dst volume info
valid = 1  # volume info valid
filename = /usr/local/freesurfer/average/RB_all_2016-05-10.vc700.gca
volume = 256 256 256
voxelsize = 1.000000000000000e+00 1.000000000000000e+00 1.000000000000000e+00
xras   = -1.000000000000000e+00 0.000000000000000e+00 0.000000000000000e+00
yras   = 0.000000000000000e+00 0.000000000000000e+00 -1.000000000000000e+00
zras   = 0.000000000000000e+00 1.000000000000000e+00 0.000000000000000e+00
cras   = 0.000000000000000e+00 0.000000000000000e+00 0.000000000000000e+00
