# transform file /usr/local/freesurfer/subjects/3476/mri/transforms/cc_up.lta
# created by ubuntu on Tue Jan  9 06:37:24 2018

type      = 0 # LINEAR_VOX_TO_VOX
nxforms   = 1
mean      = 129.0000 116.0000 113.0000
sigma     = 10000.0000
1 4 4
9.979041814804077e-01 -5.922946706414223e-02 2.605915069580078e-02 3.964857339859009e+00 
5.920928344130516e-02 9.982443451881409e-01 1.546184183098376e-03 3.048225784301758e+01 
-2.610498107969761e-02 0.000000000000000e+00 9.996592402458191e-01 3.034974288940430e+01 
0.000000000000000e+00 0.000000000000000e+00 0.000000000000000e+00 1.000000000000000e+00 
src volume info
valid = 1  # volume info valid
filename = /usr/local/freesurfer/subjects/3476/mri/norm.mgz
volume = 256 256 256
voxelsize = 1.000000000000000e+00 1.000000000000000e+00 1.000000000000000e+00
xras   = -9.999999403953552e-01 0.000000000000000e+00 0.000000000000000e+00
yras   = 0.000000000000000e+00 0.000000000000000e+00 -9.999999403953552e-01
zras   = 0.000000000000000e+00 9.999999403953552e-01 0.000000000000000e+00
cras   = 2.020680236816406e+02 2.950001831054688e+02 5.063009948730469e+02
dst volume info
valid = 1  # volume info valid
filename = /usr/local/freesurfer/subjects/3476/mri/norm.mgz
volume = 256 256 256
voxelsize = 1.000000000000000e+00 1.000000000000000e+00 1.000000000000000e+00
xras   = -9.999999403953552e-01 0.000000000000000e+00 0.000000000000000e+00
yras   = 0.000000000000000e+00 0.000000000000000e+00 -9.999999403953552e-01
zras   = 0.000000000000000e+00 9.999999403953552e-01 0.000000000000000e+00
cras   = 2.020680236816406e+02 2.950001831054688e+02 5.063009948730469e+02
