# transform file /usr/local/freesurfer/subjects/3368/mri/transforms/cc_up.lta
# created by ubuntu on Fri Jan  5 09:55:02 2018

type      = 0 # LINEAR_VOX_TO_VOX
nxforms   = 1
mean      = 128.0000 147.0000 119.0000
sigma     = 10000.0000
1 4 4
9.995821714401245e-01 -1.159480586647987e-02 2.648045867681503e-02 -1.178269386291504e+00 
1.159073971211910e-02 9.999328255653381e-01 3.070563834626228e-04 -2.506575107574463e+00 
-2.648223750293255e-02 2.910383392618066e-11 9.996493458747864e-01 2.842585372924805e+01 
0.000000000000000e+00 0.000000000000000e+00 0.000000000000000e+00 1.000000000000000e+00 
src volume info
valid = 1  # volume info valid
filename = /usr/local/freesurfer/subjects/3368/mri/norm.mgz
volume = 256 256 256
voxelsize = 1.000000000000000e+00 1.000000000000000e+00 1.000000000000000e+00
xras   = -1.000000000000000e+00 0.000000000000000e+00 0.000000000000000e+00
yras   = 0.000000000000000e+00 0.000000000000000e+00 -1.000000000000000e+00
zras   = 0.000000000000000e+00 1.000000000000000e+00 0.000000000000000e+00
cras   = 2.040882873535156e+02 2.930697021484375e+02 5.110775756835938e+02
dst volume info
valid = 1  # volume info valid
filename = /usr/local/freesurfer/subjects/3368/mri/norm.mgz
volume = 256 256 256
voxelsize = 1.000000000000000e+00 1.000000000000000e+00 1.000000000000000e+00
xras   = -1.000000000000000e+00 0.000000000000000e+00 0.000000000000000e+00
yras   = 0.000000000000000e+00 0.000000000000000e+00 -1.000000000000000e+00
zras   = 0.000000000000000e+00 1.000000000000000e+00 0.000000000000000e+00
cras   = 2.040882873535156e+02 2.930697021484375e+02 5.110775756835938e+02
