# transform file /usr/local/freesurfer/subjects/3130/mri/transforms/cc_up.lta
# created by ubuntu on Sun Dec 31 16:36:43 2017

type      = 0 # LINEAR_VOX_TO_VOX
nxforms   = 1
mean      = 129.0000 109.0000 120.0000
sigma     = 10000.0000
1 4 4
9.974846839904785e-01 -3.338275104761124e-02 6.253061443567276e-02 -3.210148811340332e+00 
3.331734985113144e-02 9.994427561759949e-01 2.088607754558325e-03 3.456776809692383e+01 
-6.256548315286636e-02 2.328306714094452e-10 9.980409741401672e-01 3.221213912963867e+01 
0.000000000000000e+00 0.000000000000000e+00 0.000000000000000e+00 1.000000000000000e+00 
src volume info
valid = 1  # volume info valid
filename = /usr/local/freesurfer/subjects/3130/mri/norm.mgz
volume = 256 256 256
voxelsize = 1.000000000000000e+00 1.000000000000000e+00 1.000000000000000e+00
xras   = -1.000000000000000e+00 0.000000000000000e+00 0.000000000000000e+00
yras   = 0.000000000000000e+00 0.000000000000000e+00 -1.000000000000000e+00
zras   = 0.000000000000000e+00 1.000000000000000e+00 0.000000000000000e+00
cras   = 2.031807250976562e+02 2.725000000000000e+02 5.222168579101562e+02
dst volume info
valid = 1  # volume info valid
filename = /usr/local/freesurfer/subjects/3130/mri/norm.mgz
volume = 256 256 256
voxelsize = 1.000000000000000e+00 1.000000000000000e+00 1.000000000000000e+00
xras   = -1.000000000000000e+00 0.000000000000000e+00 0.000000000000000e+00
yras   = 0.000000000000000e+00 0.000000000000000e+00 -1.000000000000000e+00
zras   = 0.000000000000000e+00 1.000000000000000e+00 0.000000000000000e+00
cras   = 2.031807250976562e+02 2.725000000000000e+02 5.222168579101562e+02
