# transform file transforms/talairach_with_skull.lta
# created by ubuntu on Sun Dec 31 08:30:51 2017

type      = 0 # LINEAR_VOX_TO_VOX
nxforms   = 1
mean      = 127.0000 135.0000 137.0000
sigma     = 10000.0000
1 4 4
1.017963647842407e+00 -3.595400229096413e-02 7.768757641315460e-02 -1.021106243133545e+01 
2.325137704610825e-02 1.060948848724365e+00 2.066987305879593e-01 -1.227417755126953e+01 
-7.615982741117477e-02 -1.719551980495453e-01 1.029672503471375e+00 1.501488685607910e+01 
0.000000000000000e+00 0.000000000000000e+00 0.000000000000000e+00 1.000000000000000e+00 
src volume info
valid = 1  # volume info valid
filename = nu.mgz
volume = 256 256 256
voxelsize = 1.000000000000000e+00 1.000000000000000e+00 1.000000000000000e+00
xras   = -1.000000000000000e+00 0.000000000000000e+00 0.000000000000000e+00
yras   = 0.000000000000000e+00 0.000000000000000e+00 -1.000000000000000e+00
zras   = 0.000000000000000e+00 1.000000000000000e+00 0.000000000000000e+00
cras   = 2.031807250976562e+02 2.725000000000000e+02 5.222168579101562e+02
dst volume info
valid = 1  # volume info valid
filename = /usr/local/freesurfer/average/RB_all_withskull_2016-05-10.vc700.gca
volume = 256 256 256
voxelsize = 1.000000000000000e+00 1.000000000000000e+00 1.000000000000000e+00
xras   = -1.000000000000000e+00 0.000000000000000e+00 0.000000000000000e+00
yras   = 0.000000000000000e+00 0.000000000000000e+00 -1.000000000000000e+00
zras   = 0.000000000000000e+00 1.000000000000000e+00 0.000000000000000e+00
cras   = 0.000000000000000e+00 0.000000000000000e+00 0.000000000000000e+00
