# transform file /usr/local/freesurfer/subjects/3269/mri/transforms/cc_up.lta
# created by ubuntu on Tue Jan  2 10:04:22 2018

type      = 0 # LINEAR_VOX_TO_VOX
nxforms   = 1
mean      = 129.0000 107.0000 124.0000
sigma     = 10000.0000
1 4 4
9.999419450759888e-01 9.760458953678608e-03 -4.570543300360441e-03 -1.194348573684692e+00 
-9.760356508195400e-03 9.999523758888245e-01 4.461271964828484e-05 5.425748443603516e+01 
4.570761229842901e-03 3.637978807091713e-12 9.999895691871643e-01 1.141158294677734e+01 
0.000000000000000e+00 0.000000000000000e+00 0.000000000000000e+00 1.000000000000000e+00 
src volume info
valid = 1  # volume info valid
filename = /usr/local/freesurfer/subjects/3269/mri/norm.mgz
volume = 256 256 256
voxelsize = 1.000000000000000e+00 1.000000000000000e+00 1.000000000000000e+00
xras   = -1.000000000000000e+00 0.000000000000000e+00 0.000000000000000e+00
yras   = 0.000000000000000e+00 0.000000000000000e+00 -1.000000000000000e+00
zras   = 0.000000000000000e+00 1.000000000000000e+00 0.000000000000000e+00
cras   = 1.848461303710938e+02 2.949028015136719e+02 5.388087768554688e+02
dst volume info
valid = 1  # volume info valid
filename = /usr/local/freesurfer/subjects/3269/mri/norm.mgz
volume = 256 256 256
voxelsize = 1.000000000000000e+00 1.000000000000000e+00 1.000000000000000e+00
xras   = -1.000000000000000e+00 0.000000000000000e+00 0.000000000000000e+00
yras   = 0.000000000000000e+00 0.000000000000000e+00 -1.000000000000000e+00
zras   = 0.000000000000000e+00 1.000000000000000e+00 0.000000000000000e+00
cras   = 1.848461303710938e+02 2.949028015136719e+02 5.388087768554688e+02
