# transform file /usr/local/freesurfer/subjects/3355/mri/transforms/cc_up.lta
# created by ubuntu on Fri Jan  5 09:42:34 2018

type      = 0 # LINEAR_VOX_TO_VOX
nxforms   = 1
mean      = 130.0000 148.0000 114.0000
sigma     = 10000.0000
1 4 4
9.994201660156250e-01 3.300331905484200e-02 8.382642641663551e-03 -6.600950717926025e+00 
-3.300216048955917e-02 9.994553327560425e-01 -2.768058329820633e-04 9.377656936645508e+00 
-8.387210778892040e-03 0.000000000000000e+00 9.999648332595825e-01 2.309179115295410e+01 
0.000000000000000e+00 0.000000000000000e+00 0.000000000000000e+00 1.000000000000000e+00 
src volume info
valid = 1  # volume info valid
filename = /usr/local/freesurfer/subjects/3355/mri/norm.mgz
volume = 256 256 256
voxelsize = 1.000000000000000e+00 1.000000000000000e+00 1.000000000000000e+00
xras   = -1.000000000000000e+00 0.000000000000000e+00 0.000000000000000e+00
yras   = 0.000000000000000e+00 0.000000000000000e+00 -1.000000000000000e+00
zras   = 0.000000000000000e+00 1.000000000000000e+00 0.000000000000000e+00
cras   = 2.098983154296875e+02 2.718220214843750e+02 5.223050537109375e+02
dst volume info
valid = 1  # volume info valid
filename = /usr/local/freesurfer/subjects/3355/mri/norm.mgz
volume = 256 256 256
voxelsize = 1.000000000000000e+00 1.000000000000000e+00 1.000000000000000e+00
xras   = -1.000000000000000e+00 0.000000000000000e+00 0.000000000000000e+00
yras   = 0.000000000000000e+00 0.000000000000000e+00 -1.000000000000000e+00
zras   = 0.000000000000000e+00 1.000000000000000e+00 0.000000000000000e+00
cras   = 2.098983154296875e+02 2.718220214843750e+02 5.223050537109375e+02
