# transform file /usr/local/freesurfer/subjects/3756/mri/transforms/cc_up.lta
# created by ubuntu on Sun Jan 14 10:48:03 2018

type      = 0 # LINEAR_VOX_TO_VOX
nxforms   = 1
mean      = 130.0000 125.0000 132.0000
sigma     = 10000.0000
1 4 4
9.972001314163208e-01 -5.749323591589928e-02 -4.781663045287132e-02 1.193503665924072e+01 
5.742725357413292e-02 9.983458518981934e-01 -2.753688022494316e-03 1.708609008789062e+01 
4.789585620164871e-02 2.328306436538696e-10 9.988523721694946e-01 4.955710411071777e+00 
0.000000000000000e+00 0.000000000000000e+00 0.000000000000000e+00 1.000000000000000e+00 
src volume info
valid = 1  # volume info valid
filename = /usr/local/freesurfer/subjects/3756/mri/norm.mgz
volume = 256 256 256
voxelsize = 1.000000000000000e+00 1.000000000000000e+00 1.000000000000000e+00
xras   = -1.000000000000000e+00 0.000000000000000e+00 0.000000000000000e+00
yras   = 0.000000000000000e+00 0.000000000000000e+00 -1.000000000000000e+00
zras   = 0.000000000000000e+00 1.000000000000000e+00 0.000000000000000e+00
cras   = 2.233050231933594e+02 3.012933044433594e+02 5.218695068359375e+02
dst volume info
valid = 1  # volume info valid
filename = /usr/local/freesurfer/subjects/3756/mri/norm.mgz
volume = 256 256 256
voxelsize = 1.000000000000000e+00 1.000000000000000e+00 1.000000000000000e+00
xras   = -1.000000000000000e+00 0.000000000000000e+00 0.000000000000000e+00
yras   = 0.000000000000000e+00 0.000000000000000e+00 -1.000000000000000e+00
zras   = 0.000000000000000e+00 1.000000000000000e+00 0.000000000000000e+00
cras   = 2.233050231933594e+02 3.012933044433594e+02 5.218695068359375e+02
