# transform file /usr/local/freesurfer/subjects/3211/mri/transforms/cc_up.lta
# created by ubuntu on Mon Jan  1 11:09:38 2018

type      = 0 # LINEAR_VOX_TO_VOX
nxforms   = 1
mean      = 131.0000 144.0000 137.0000
sigma     = 10000.0000
1 4 4
9.994910359382629e-01 3.037976659834385e-02 -9.740866720676422e-03 -1.911179780960083e+00 
-3.037832491099834e-02 9.995384812355042e-01 2.960618876386434e-04 9.922550201416016e+00 
9.745365008711815e-03 2.910383392618066e-11 9.999525547027588e-01 3.753864049911499e+00 
0.000000000000000e+00 0.000000000000000e+00 0.000000000000000e+00 1.000000000000000e+00 
src volume info
valid = 1  # volume info valid
filename = /usr/local/freesurfer/subjects/3211/mri/norm.mgz
volume = 256 256 256
voxelsize = 1.000000000000000e+00 1.000000000000000e+00 1.000000000000000e+00
xras   = -1.000000000000000e+00 0.000000000000000e+00 0.000000000000000e+00
yras   = 0.000000000000000e+00 0.000000000000000e+00 -1.000000000000000e+00
zras   = 0.000000000000000e+00 1.000000000000000e+00 0.000000000000000e+00
cras   = 7.285071411132812e+02 7.493721923828125e+02 2.820030593872070e+01
dst volume info
valid = 1  # volume info valid
filename = /usr/local/freesurfer/subjects/3211/mri/norm.mgz
volume = 256 256 256
voxelsize = 1.000000000000000e+00 1.000000000000000e+00 1.000000000000000e+00
xras   = -1.000000000000000e+00 0.000000000000000e+00 0.000000000000000e+00
yras   = 0.000000000000000e+00 0.000000000000000e+00 -1.000000000000000e+00
zras   = 0.000000000000000e+00 1.000000000000000e+00 0.000000000000000e+00
cras   = 7.285071411132812e+02 7.493721923828125e+02 2.820030593872070e+01
