# transform file /usr/local/freesurfer/subjects/3358/mri/transforms/cc_up.lta
# created by ubuntu on Fri Jan  5 10:58:49 2018

type      = 0 # LINEAR_VOX_TO_VOX
nxforms   = 1
mean      = 128.0000 144.0000 112.0000
sigma     = 10000.0000
1 4 4
9.998947381973267e-01 -1.246790215373039e-02 -7.423593197017908e-03 1.912898063659668e+00 
1.246755849570036e-02 9.999223351478577e-01 -9.256383054889739e-05 1.418117523193359e+00 
7.424170151352882e-03 7.275957614183426e-12 9.999724626541138e-01 2.504942893981934e+01 
0.000000000000000e+00 0.000000000000000e+00 0.000000000000000e+00 1.000000000000000e+00 
src volume info
valid = 1  # volume info valid
filename = /usr/local/freesurfer/subjects/3358/mri/norm.mgz
volume = 256 256 256
voxelsize = 1.000000000000000e+00 1.000000000000000e+00 1.000000000000000e+00
xras   = -1.000000000000000e+00 0.000000000000000e+00 0.000000000000000e+00
yras   = 0.000000000000000e+00 0.000000000000000e+00 -1.000000000000000e+00
zras   = 0.000000000000000e+00 1.000000000000000e+00 0.000000000000000e+00
cras   = 2.248135375976562e+02 2.718220214843750e+02 5.189152832031250e+02
dst volume info
valid = 1  # volume info valid
filename = /usr/local/freesurfer/subjects/3358/mri/norm.mgz
volume = 256 256 256
voxelsize = 1.000000000000000e+00 1.000000000000000e+00 1.000000000000000e+00
xras   = -1.000000000000000e+00 0.000000000000000e+00 0.000000000000000e+00
yras   = 0.000000000000000e+00 0.000000000000000e+00 -1.000000000000000e+00
zras   = 0.000000000000000e+00 1.000000000000000e+00 0.000000000000000e+00
cras   = 2.248135375976562e+02 2.718220214843750e+02 5.189152832031250e+02
