# transform file /usr/local/freesurfer/subjects/3760/mri/transforms/cc_up.lta
# created by ubuntu on Sun Jan 14 10:07:07 2018

type      = 0 # LINEAR_VOX_TO_VOX
nxforms   = 1
mean      = 130.0000 117.0000 132.0000
sigma     = 10000.0000
1 4 4
9.996932148933411e-01 4.535616841167212e-03 2.435284666717052e-02 -4.655128002166748e+00 
-4.534271545708179e-03 9.999898076057434e-01 -1.104563052649610e-04 3.860528564453125e+01 
-2.435309626162052e-02 0.000000000000000e+00 9.997034668922424e-01 6.208888053894043e+00 
0.000000000000000e+00 0.000000000000000e+00 0.000000000000000e+00 1.000000000000000e+00 
src volume info
valid = 1  # volume info valid
filename = /usr/local/freesurfer/subjects/3760/mri/norm.mgz
volume = 256 256 256
voxelsize = 1.000000000000000e+00 1.000000000000000e+00 1.000000000000000e+00
xras   = -1.000000000000000e+00 0.000000000000000e+00 0.000000000000000e+00
yras   = 0.000000000000000e+00 0.000000000000000e+00 -1.000000000000000e+00
zras   = 0.000000000000000e+00 1.000000000000000e+00 0.000000000000000e+00
cras   = 2.239127197265625e+02 2.711506042480469e+02 4.889433593750000e+02
dst volume info
valid = 1  # volume info valid
filename = /usr/local/freesurfer/subjects/3760/mri/norm.mgz
volume = 256 256 256
voxelsize = 1.000000000000000e+00 1.000000000000000e+00 1.000000000000000e+00
xras   = -1.000000000000000e+00 0.000000000000000e+00 0.000000000000000e+00
yras   = 0.000000000000000e+00 0.000000000000000e+00 -1.000000000000000e+00
zras   = 0.000000000000000e+00 1.000000000000000e+00 0.000000000000000e+00
cras   = 2.239127197265625e+02 2.711506042480469e+02 4.889433593750000e+02
