# transform file /usr/local/freesurfer/subjects/3127/mri/transforms/cc_up.lta
# created by ubuntu on Sun Dec 31 16:04:47 2017

type      = 0 # LINEAR_VOX_TO_VOX
nxforms   = 1
mean      = 127.0000 120.0000 120.0000
sigma     = 10000.0000
1 4 4
9.975513815879822e-01 9.780880063772202e-03 6.925126910209656e-02 -5.862252235412598e+00 
-9.757396765053272e-03 9.999522566795349e-01 -6.773707573302090e-04 3.031439018249512e+01 
-6.925457715988159e-02 5.820766785236131e-11 9.975990653038025e-01 3.404762268066406e+01 
0.000000000000000e+00 0.000000000000000e+00 0.000000000000000e+00 1.000000000000000e+00 
src volume info
valid = 1  # volume info valid
filename = /usr/local/freesurfer/subjects/3127/mri/norm.mgz
volume = 256 256 256
voxelsize = 1.000000000000000e+00 1.000000000000000e+00 1.000000000000000e+00
xras   = -1.000000000000000e+00 0.000000000000000e+00 0.000000000000000e+00
yras   = 0.000000000000000e+00 0.000000000000000e+00 -1.000000000000000e+00
zras   = 0.000000000000000e+00 1.000000000000000e+00 0.000000000000000e+00
cras   = 2.079036254882812e+02 2.718253173828125e+02 5.188433837890625e+02
dst volume info
valid = 1  # volume info valid
filename = /usr/local/freesurfer/subjects/3127/mri/norm.mgz
volume = 256 256 256
voxelsize = 1.000000000000000e+00 1.000000000000000e+00 1.000000000000000e+00
xras   = -1.000000000000000e+00 0.000000000000000e+00 0.000000000000000e+00
yras   = 0.000000000000000e+00 0.000000000000000e+00 -1.000000000000000e+00
zras   = 0.000000000000000e+00 1.000000000000000e+00 0.000000000000000e+00
cras   = 2.079036254882812e+02 2.718253173828125e+02 5.188433837890625e+02
