# transform file transforms/talairach_with_skull.lta
# created by ubuntu on Sun Dec 31 08:20:00 2017

type      = 0 # LINEAR_VOX_TO_VOX
nxforms   = 1
mean      = 124.0000 143.0000 133.0000
sigma     = 10000.0000
1 4 4
1.030955195426941e+00 1.696938276290894e-02 8.122786879539490e-02 -1.670486259460449e+01 
-3.684825822710991e-02 1.075936198234558e+00 3.452575206756592e-01 -3.512984848022461e+01 
-6.304533779621124e-02 -3.273361027240753e-01 9.669976234436035e-01 3.968659591674805e+01 
0.000000000000000e+00 0.000000000000000e+00 0.000000000000000e+00 1.000000000000000e+00 
src volume info
valid = 1  # volume info valid
filename = nu.mgz
volume = 256 256 256
voxelsize = 1.000000000000000e+00 1.000000000000000e+00 1.000000000000000e+00
xras   = -1.000000000000000e+00 0.000000000000000e+00 0.000000000000000e+00
yras   = 0.000000000000000e+00 0.000000000000000e+00 -1.000000000000000e+00
zras   = 0.000000000000000e+00 1.000000000000000e+00 0.000000000000000e+00
cras   = 2.079036254882812e+02 2.718253173828125e+02 5.188433837890625e+02
dst volume info
valid = 1  # volume info valid
filename = /usr/local/freesurfer/average/RB_all_withskull_2016-05-10.vc700.gca
volume = 256 256 256
voxelsize = 1.000000000000000e+00 1.000000000000000e+00 1.000000000000000e+00
xras   = -1.000000000000000e+00 0.000000000000000e+00 0.000000000000000e+00
yras   = 0.000000000000000e+00 0.000000000000000e+00 -1.000000000000000e+00
zras   = 0.000000000000000e+00 1.000000000000000e+00 0.000000000000000e+00
cras   = 0.000000000000000e+00 0.000000000000000e+00 0.000000000000000e+00
