# transform file /usr/local/freesurfer/subjects/3366/mri/transforms/cc_up.lta
# created by ubuntu on Fri Jan  5 10:00:59 2018

type      = 0 # LINEAR_VOX_TO_VOX
nxforms   = 1
mean      = 128.0000 142.0000 122.0000
sigma     = 10000.0000
1 4 4
9.979684948921204e-01 -3.139593452215195e-02 5.543455854058266e-02 -7.374379634857178e-01 
3.134761005640030e-02 9.995069503784180e-01 1.741278450936079e-03 8.640978932380676e-01 
-5.546189844608307e-02 -1.164153079491470e-10 9.984607100486755e-01 3.226595687866211e+01 
0.000000000000000e+00 0.000000000000000e+00 0.000000000000000e+00 1.000000000000000e+00 
src volume info
valid = 1  # volume info valid
filename = /usr/local/freesurfer/subjects/3366/mri/norm.mgz
volume = 256 256 256
voxelsize = 1.000000000000000e+00 1.000000000000000e+00 1.000000000000000e+00
xras   = -1.000000000000000e+00 0.000000000000000e+00 0.000000000000000e+00
yras   = 0.000000000000000e+00 0.000000000000000e+00 -1.000000000000000e+00
zras   = 0.000000000000000e+00 1.000000000000000e+00 0.000000000000000e+00
cras   = 1.998558349609375e+02 2.957997436523438e+02 5.173051757812500e+02
dst volume info
valid = 1  # volume info valid
filename = /usr/local/freesurfer/subjects/3366/mri/norm.mgz
volume = 256 256 256
voxelsize = 1.000000000000000e+00 1.000000000000000e+00 1.000000000000000e+00
xras   = -1.000000000000000e+00 0.000000000000000e+00 0.000000000000000e+00
yras   = 0.000000000000000e+00 0.000000000000000e+00 -1.000000000000000e+00
zras   = 0.000000000000000e+00 1.000000000000000e+00 0.000000000000000e+00
cras   = 1.998558349609375e+02 2.957997436523438e+02 5.173051757812500e+02
