# transform file /usr/local/freesurfer/subjects/3480/mri/transforms/cc_up.lta
# created by ubuntu on Tue Jan  9 07:30:07 2018

type      = 0 # LINEAR_VOX_TO_VOX
nxforms   = 1
mean      = 129.0000 110.0000 117.0000
sigma     = 10000.0000
1 4 4
9.973654150962830e-01 -5.746161192655563e-02 -4.427600279450417e-02 1.197945594787598e+01 
5.740507319569588e-02 9.983476996421814e-01 -2.548381220549345e-03 2.115673446655273e+01 
4.434927925467491e-02 2.328306436538696e-10 9.990160465240479e-01 2.448895072937012e+01 
0.000000000000000e+00 0.000000000000000e+00 0.000000000000000e+00 1.000000000000000e+00 
src volume info
valid = 1  # volume info valid
filename = /usr/local/freesurfer/subjects/3480/mri/norm.mgz
volume = 256 256 256
voxelsize = 1.000000000000000e+00 1.000000000000000e+00 1.000000000000000e+00
xras   = -9.999999403953552e-01 0.000000000000000e+00 0.000000000000000e+00
yras   = 0.000000000000000e+00 0.000000000000000e+00 -9.999999403953552e-01
zras   = 0.000000000000000e+00 9.999999403953552e-01 0.000000000000000e+00
cras   = 1.949654235839844e+02 2.937996826171875e+02 4.969225463867188e+02
dst volume info
valid = 1  # volume info valid
filename = /usr/local/freesurfer/subjects/3480/mri/norm.mgz
volume = 256 256 256
voxelsize = 1.000000000000000e+00 1.000000000000000e+00 1.000000000000000e+00
xras   = -9.999999403953552e-01 0.000000000000000e+00 0.000000000000000e+00
yras   = 0.000000000000000e+00 0.000000000000000e+00 -9.999999403953552e-01
zras   = 0.000000000000000e+00 9.999999403953552e-01 0.000000000000000e+00
cras   = 1.949654235839844e+02 2.937996826171875e+02 4.969225463867188e+02
